0.4 0.0 0.6 -1.0 -0.0 0.0 6.123233995736766e-17 
0.4 0.0 0.5 -0.9238795325112867 -0.3826834323650898 -2.3432602026631493e-17 5.657130561438501e-17 
0.4 0.12940952255126037 0.48296291314453416 -0.9914448613738104 0.13052619222005157 1.5939146776466672e-17 5.966228292255636e-17 
0.4 0.24999999999999997 0.43301270189221935 -0.9914448613738104 -0.1305261922200516 7.901021026856593e-18 6.280090055676649e-17 
0.4 0.35355339059327373 0.3535533905932738 -0.9238795325112867 0.3826834323650898 4.564810179189837e-17 4.736934431671516e-17 
0.65 0.0 0.43301270189221935 -0.9659258262890683 -1.5848095757158825e-17 0.25881904510252074 5.914589856893349e-17 
0.5294095225512604 0.0 0.48296291314453416 -0.9159756150367534 0.37940952255126037 0.12059047744873963 -0.04995021125231476 
0.4 -0.12940952255126037 0.48296291314453416 -0.9914448613738104 -0.13052619222005157 -4.570157425116111e-20 6.175469467869646e-17 
0.4 -0.24999999999999997 0.43301270189221935 -0.9914448613738104 0.1305261922200516 2.388586937757443e-17 5.861607704448633e-17 
0.4 -0.35355339059327373 0.3535533905932738 -0.9238795325112867 -0.3826834323650898 -1.2171022613646202e-18 6.577326691205487e-17 
0.33473690388997424 0.0 0.4957224306869052 -0.9978589232386035 4.00478664329577e-18 -0.06540312923014306 6.110123681723901e-17 
0.27059047744873965 0.0 0.48296291314453416 -0.9914448613738104 7.992424175358916e-18 -0.13052619222005157 6.070848880062641e-17 
0.4 0.0 0.4 -1.0 0.0 0.0 6.123233995736766e-17 
0.4 0.1035276180410083 0.38637033051562736 -0.8660254037844387 0.49999999999999994 3.755761868401176e-17 4.902111465765828e-17 
0.6 0.0 0.3464101615137755 -0.9659258262890683 -1.5848095757158825e-17 0.25881904510252074 5.914589856893349e-17 
0.5035276180410083 0.0 0.38637033051562736 -0.9914448613738104 -7.992424175358916e-18 0.13052619222005157 6.070848880062641e-17 
0.4 -0.052210476888020635 0.39657794454952416 -0.9469301294951057 0.3214394653031616 2.3477452571640832e-17 5.66945316067658e-17 
0.3477895231119794 0.0 0.39657794454952416 -0.9978589232386035 4.00478664329577e-18 -0.06540312923014306 6.110123681723901e-17 
0.4 0.0 0.65 -1.0 0.0 0.0 6.123233995736766e-17 
0.4 0.16823237931663848 0.6278517870878945 -0.9914448613738104 0.13052619222005157 1.5939146776466672e-17 5.966228292255636e-17 
0.4 0.32499999999999996 0.5629165124598852 -0.7933533402912353 0.6087614290087205 4.9993808194699415e-17 3.8820077101923827e-17 
0.5682323793166385 0.0 0.6278517870878945 -0.9914448613738104 -7.992424175358916e-18 0.13052619222005157 6.070848880062641e-17 
0.4848420249430335 0.0 0.6444391598929767 -0.9978589232386035 -4.00478664329577e-18 0.06540312923014306 6.110123681723901e-17 
0.4 -0.16823237931663848 0.6278517870878945 -0.9914448613738104 -0.13052619222005157 -4.570157425116111e-20 6.175469467869646e-17 
0.4 -0.32499999999999996 0.5629165124598852 -0.9914448613738104 0.1305261922200516 2.388586937757443e-17 5.861607704448633e-17 
0.3151579750569665 0.0 0.6444391598929767 -0.9978589232386035 4.00478664329577e-18 -0.06540312923014306 6.110123681723901e-17 
0.23176762068336154 0.0 0.6278517870878945 -0.9159756150367534 0.37940952255126037 -0.12059047744873957 0.04995021125231487 
