0.3 0.0 0.6 0.9238795325112867 -0.3826834323650898 0.0 0.0 
0.3 -0.4 0.6 0.9238795325112867 -0.3826834323650898 0.0 0.0 
0.3 0.4 0.6 0.9238795325112867 -0.3826834323650898 0.0 0.0 
0.6 -0.4 0.4 0.9238795325112867 -0.3826834323650898 0.0 0.0 
0.6 0.4 0.4 0.9238795325112867 -0.3826834323650898 0.0 0.0 
0.3084936490538904 0.09150635094610966 0.48296291314453416 0.9192561341234526 -0.3715215612729268 0.12024599794365878 0.04980752316935078 
0.22322330470336318 0.17677669529663687 0.43301270189221935 0.7071067811865475 -0.6591935385577435 0.2558590993568932 2.7755575615628914e-17 
0.15000000000000008 0.25 0.3535533905932738 0.8832114846917972 -0.2845020797640406 0.34444236259703626 0.14267269804352367 
0.4 0.0 0.5 0.7071067811865476 -0.7071067811865475 0.0 0.0 
0.4 0.12940952255126037 0.48296291314453416 0.9159756150367534 -0.37940952255126037 0.04995021125231481 0.1205904774487396 
0.4 0.24999999999999997 0.43301270189221935 0.6830127018922194 -0.6830127018922193 0.1830127018922193 0.18301270189221933 
0.4 0.35355339059327373 0.3535533905932738 0.8535533905932737 -0.3535533905932738 0.1464466094067262 0.3535533905932738 
0.49150635094610967 0.09150635094610965 0.48296291314453416 0.9127176614191237 -0.38730683075292394 -0.049807523169350776 0.12024599794365878 
0.5767766952966369 0.17677669529663684 0.43301270189221935 0.6591935385577438 -0.7071067811865475 -5.551115123125783e-17 0.25585909935689327 
0.65 0.24999999999999994 0.3535533905932738 0.8256981799102375 -0.42335148018457935 -0.14267269804352367 0.34444236259703626 
0.65 0.0 0.43301270189221935 0.8923991008325228 -0.3696438106143861 -0.23911761839433449 0.09904576054128762 
0.5294095225512604 0.0 0.48296291314453416 0.9914448613738104 0.0 -0.13052619222005157 0.0 
0.49150635094610967 -0.09150635094610965 0.48296291314453416 0.9192561341234526 -0.3715215612729268 -0.12024599794365878 -0.04980752316935077 
0.5767766952966369 -0.17677669529663684 0.43301270189221935 0.9661202212285364 0.0338797787714636 -0.18091970418354186 -0.1809197041835418 
0.65 -0.24999999999999994 0.3535533905932738 0.8832114846917972 -0.2845020797640406 -0.34444236259703626 -0.14267269804352367 
0.4 -0.12940952255126037 0.48296291314453416 0.9159756150367534 -0.37940952255126037 -0.04995021125231482 -0.1205904774487396 
0.4 -0.24999999999999997 0.43301270189221935 0.9659258262890683 4.1490217670064766e-18 -1.5484360036177375e-17 -0.25881904510252074 
0.4 -0.35355339059327373 0.3535533905932738 0.8535533905932737 -0.3535533905932738 -0.14644660940672627 -0.3535533905932738 
0.3084936490538904 -0.09150635094610966 0.48296291314453416 0.9127176614191237 -0.38730683075292394 0.049807523169350755 -0.12024599794365881 
0.22322330470336318 -0.17677669529663687 0.43301270189221935 0.9661202212285364 -0.0338797787714636 0.1809197041835418 -0.18091970418354186 
0.15000000000000008 -0.25 0.3535533905932738 0.8256981799102375 -0.42335148018457935 0.14267269804352367 -0.34444236259703626 
0.33473690388997424 0.0 0.4957224306869052 0.9219014355138969 -0.38186407776108144 0.060424612457919843 -0.025028693981208678 
0.27059047744873965 0.0 0.48296291314453416 0.9159756150367534 -0.37940952255126037 0.1205904774487396 -0.049950211252314816 
0.4 0.0 0.4 0.9238795325112867 -0.3826834323650898 0.0 0.0 
0.4 0.1035276180410083 0.38637033051562736 0.9914448613738104 -1.0462058780700428e-18 -7.946722601107755e-18 0.13052619222005157 
0.4369183822565029 0.0369183822565029 0.39657794454952416 0.9210830794547906 -0.38384176114763024 -0.025010823541609148 0.060381469400273086 
0.6 0.0 0.3464101615137755 0.8923991008325228 -0.3696438106143861 -0.23911761839433449 0.09904576054128762 
0.5035276180410083 0.0 0.38637033051562736 0.9159756150367534 -0.37940952255126037 -0.1205904774487396 0.049950211252314816 
0.4732050807568878 -0.07320508075688772 0.38637033051562736 0.9192561341234526 -0.3715215612729268 -0.12024599794365878 -0.04980752316935077 
0.4 -0.052210476888020635 0.39657794454952416 0.9978589232386035 2.6211267287026073e-19 -3.999066598131005e-18 -0.06540312923014306 
0.3477895231119794 0.0 0.39657794454952416 0.9219014355138969 -0.38186407776108144 0.060424612457919843 -0.025028693981208678 
0.4 0.0 0.65 0.9238795325112867 -0.3826834323650898 0.0 0.0 
0.2810417437700575 0.11895825622994256 0.6278517870878945 0.9192561341234526 -0.3715215612729268 0.12024599794365878 0.04980752316935078 
0.4 0.16823237931663848 0.6278517870878945 0.9159756150367534 -0.37940952255126037 0.04995021125231481 0.1205904774487396 
0.4 0.32499999999999996 0.5629165124598852 0.9659258262890683 -4.1490217670064766e-18 -1.5484360036177375e-17 0.25881904510252074 
0.5189582562299426 0.11895825622994255 0.6278517870878945 0.9127176614191237 -0.38730683075292394 -0.049807523169350776 0.12024599794365878 
0.5682323793166385 0.0 0.6278517870878945 0.9159756150367534 -0.37940952255126037 -0.1205904774487396 0.049950211252314816 
0.4848420249430335 0.0 0.6444391598929767 0.9219014355138969 -0.38186407776108144 -0.060424612457919843 0.025028693981208678 
0.5189582562299426 -0.11895825622994255 0.6278517870878945 0.9192561341234526 -0.3715215612729268 -0.12024599794365878 -0.04980752316935077 
0.4 -0.16823237931663848 0.6278517870878945 0.9159756150367534 -0.37940952255126037 -0.04995021125231482 -0.1205904774487396 
0.4 -0.32499999999999996 0.5629165124598852 0.9659258262890683 4.1490217670064766e-18 -1.5484360036177375e-17 -0.25881904510252074 
0.2810417437700575 -0.11895825622994256 0.6278517870878945 0.9127176614191237 -0.38730683075292394 0.049807523169350755 -0.12024599794365881 
0.3151579750569665 0.0 0.6444391598929767 0.9219014355138969 -0.38186407776108144 0.060424612457919843 -0.025028693981208678 
0.23176762068336154 0.0 0.6278517870878945 0.9914448613738104 0.0 0.13052619222005157 0.0 
