0.3 0.0 0.6 0.9238795325112867 -0.3826834323650898 0.0 0.0 
0.4 0.0 0.5 0.9238795325112867 -0.3826834323650898 0.0 0.0 
0.4 0.12940952255126037 0.48296291314453416 0.9159756150367534 -0.37940952255126037 0.04995021125231481 0.1205904774487396 
0.4 0.24999999999999997 0.43301270189221935 0.8923991008325228 -0.3696438106143861 0.09904576054128761 0.23911761839433449 
0.65 0.24999999999999994 0.3535533905932738 0.8256981799102375 -0.42335148018457935 -0.14267269804352367 0.34444236259703626 
0.65 0.0 0.43301270189221935 0.8923991008325228 -0.3696438106143861 -0.23911761839433449 0.09904576054128762 
0.5294095225512604 0.0 0.48296291314453416 0.9159756150367534 -0.37940952255126037 -0.1205904774487396 0.049950211252314816 
0.49150635094610967 -0.09150635094610965 0.48296291314453416 0.9192561341234526 -0.3715215612729268 -0.12024599794365878 -0.04980752316935077 
0.4 -0.24999999999999997 0.43301270189221935 0.8923991008325228 -0.3696438106143861 -0.09904576054128764 -0.23911761839433449 
0.4 -0.35355339059327373 0.3535533905932738 0.8535533905932737 -0.3535533905932738 -0.14644660940672627 -0.3535533905932738 
0.33473690388997424 0.0 0.4957224306869052 0.9219014355138969 -0.38186407776108144 0.060424612457919843 -0.025028693981208678 
